40 50 15
30 48 21 12 50 30 20 8 2 7 16 10 28 37 4 44 3 33 41 46 19 39 31 14 29 1 27 18 43 45 23 
46 23 24 10 46 1 12 8 7 15 40 34 18 2 14 42 33 4 44 26 6 32 48 29 9 31 49 45 37 36 17 30 16 22 43 13 21 19 11 41 25 20 5 50 38 47 27 
44 1 37 17 30 10 29 32 12 43 21 35 7 4 28 46 8 6 5 27 40 50 25 47 9 23 31 13 19 44 42 11 24 16 20 22 18 36 45 41 14 49 38 2 39 
19 8 46 1 50 35 48 18 15 17 36 28 31 34 20 32 33 2 12 40 
32 38 11 23 47 49 4 8 39 17 25 29 19 14 6 24 26 30 27 45 44 42 28 48 41 50 12 33 3 5 18 13 37 
45 31 42 12 34 45 23 48 13 41 27 4 28 19 16 49 25 10 38 11 21 22 18 46 8 5 40 1 7 35 43 2 29 32 20 33 47 17 6 24 36 44 9 3 14 50 
42 26 10 37 22 39 8 11 20 19 4 21 16 44 46 3 48 15 24 43 28 40 30 14 23 32 5 7 17 27 33 47 29 1 35 6 38 12 2 34 49 25 41 
26 36 31 10 7 39 50 30 45 32 35 20 25 2 11 43 8 46 37 12 27 3 6 28 5 4 22 
29 17 37 26 36 22 13 38 1 48 6 24 14 10 42 19 27 29 21 9 31 2 35 5 11 15 30 44 40 49 
19 17 25 46 49 21 29 28 3 44 48 39 8 1 9 23 15 6 30 20 
41 13 3 39 43 15 22 30 2 8 20 38 21 6 18 28 36 5 42 32 4 40 12 7 48 14 34 35 11 19 10 29 25 46 37 17 16 47 31 49 45 44 
49 1 12 6 22 26 39 34 3 31 27 32 16 8 11 5 35 44 7 33 25 46 45 19 4 29 9 49 47 36 2 40 17 20 14 41 21 42 43 24 28 37 50 18 15 10 30 13 48 23 
32 40 18 14 29 3 30 22 31 48 12 13 46 1 19 20 28 23 10 15 27 41 16 21 49 4 43 5 45 44 25 6 50 
30 8 31 12 45 41 28 17 25 22 16 49 42 36 46 21 13 40 23 18 47 38 26 43 6 7 39 33 37 50 20 
25 41 26 27 10 17 5 49 45 14 31 37 11 43 12 7 20 35 38 29 23 46 30 16 24 1 
21 50 21 13 22 45 10 11 43 12 17 39 6 27 14 41 15 42 36 32 19 34 
40 40 45 30 5 44 38 29 34 33 36 15 16 28 41 10 42 22 13 35 4 43 7 11 3 23 26 39 46 19 12 24 48 32 18 27 2 37 47 1 49 
37 38 45 47 31 30 37 3 32 41 24 13 25 15 50 43 14 33 48 19 36 20 39 6 18 16 22 2 21 8 5 29 40 46 1 17 34 11 
21 43 16 50 3 30 32 26 22 18 46 33 42 9 1 47 19 13 23 11 15 17 
24 13 33 14 15 9 7 40 22 24 30 44 39 41 19 12 32 3 1 16 17 10 27 25 49 
28 24 25 30 15 47 34 23 27 26 39 41 20 4 16 21 3 19 1 8 14 18 38 32 36 33 28 37 49 
47 49 20 35 9 33 34 29 14 3 23 6 39 19 11 50 13 31 46 12 41 2 22 37 5 28 18 17 15 27 16 30 25 42 38 24 48 32 43 10 47 40 21 7 1 36 8 44 
48 11 47 42 9 10 28 7 23 31 45 49 13 26 8 44 3 22 4 24 14 18 12 35 46 43 40 25 2 30 16 6 50 27 41 5 37 34 29 38 21 36 20 15 32 17 39 1 48 
46 27 18 40 42 12 48 22 41 50 46 4 3 15 29 5 30 39 37 33 31 19 8 44 10 7 11 6 25 26 13 2 16 43 38 1 9 28 32 36 20 45 35 34 21 24 49 
50 44 30 50 27 22 36 49 21 11 26 31 25 12 14 29 40 9 13 16 45 2 47 48 38 41 6 24 28 43 39 4 32 34 19 5 23 46 17 20 1 7 10 3 8 42 18 35 37 15 33 
15 40 30 2 9 15 42 17 18 49 25 12 13 38 5 47 
39 46 19 15 3 33 1 42 6 35 29 12 8 17 32 7 21 20 24 30 31 43 34 9 36 22 40 11 48 5 13 44 18 41 2 23 16 4 14 25 
35 39 46 2 19 11 42 26 20 41 35 15 14 44 32 40 18 25 30 17 49 43 47 37 34 33 9 36 3 24 6 8 12 16 29 7 
43 50 23 21 16 41 28 17 2 36 14 20 37 34 39 1 7 26 10 47 5 35 27 3 15 30 31 46 11 4 22 24 9 38 25 42 43 33 19 48 6 45 12 40 
47 13 25 19 37 5 46 1 16 44 4 41 34 43 47 15 29 32 11 2 33 27 50 12 6 49 35 10 30 22 48 38 39 14 31 3 17 21 26 28 7 9 42 8 36 23 20 45 
42 35 18 19 24 37 9 45 39 2 41 28 12 17 26 5 23 13 25 20 8 47 36 44 3 14 1 33 31 15 48 42 50 10 38 32 4 29 30 7 22 43 34 
32 24 40 49 44 12 10 27 15 18 48 9 13 4 26 45 16 33 43 22 2 7 11 36 47 1 32 35 3 42 41 28 17 
24 28 21 18 48 5 26 17 40 8 23 43 47 19 24 9 12 42 38 29 46 30 50 15 31 
49 6 25 44 17 41 19 18 23 33 40 37 34 2 20 10 39 38 28 29 24 13 8 50 4 11 35 46 42 48 32 7 36 9 14 16 1 47 22 49 26 27 5 43 21 30 45 3 15 12 
36 36 23 18 7 21 25 31 19 27 32 20 4 3 16 45 33 44 10 24 40 5 39 42 37 50 6 38 34 12 48 8 2 46 13 26 30 
39 48 35 10 6 50 15 18 8 34 20 9 25 44 39 19 22 45 1 29 42 23 26 5 38 33 40 12 49 2 21 3 30 46 37 4 16 32 41 47 
33 41 43 6 48 8 44 49 47 2 42 20 36 30 23 26 40 45 10 31 34 39 38 15 5 3 46 18 37 35 25 28 4 24 
41 27 47 25 48 18 49 15 24 40 46 44 7 10 23 16 39 3 13 28 1 4 45 35 26 9 29 22 30 12 38 19 8 42 20 33 5 41 36 43 2 21 
15 4 10 22 9 44 23 46 37 29 48 18 40 6 28 5 
16 31 3 22 29 35 8 23 13 43 38 19 4 11 15 9 36 
